image_width: 1280
image_height: 720
camera_name: narrow_stereo
camera_matrix:
  rows: 3
  cols: 3
  data: [923.53181,   0.     , 642.19731,
           0.     , 921.24369, 353.10104,
           0.     ,   0.     ,   1.     ]
distortion_model: plumb_bob
distortion_coefficients:
  rows: 1
  cols: 5
  data: [0.114425, -0.207482, -0.001988, -0.000515, 0.000000]
rectification_matrix:
  rows: 3
  cols: 3
  data: [1., 0., 0.,
         0., 1., 0.,
         0., 0., 1.]
projection_matrix:
  rows: 3
  cols: 4
  data: [929.88995,   0.     , 641.14846,   0.     ,
           0.     , 934.68109, 351.59432,   0.     ,
           0.     ,   0.     ,   1.     ,   0.     ]
